0.0012302369762416953 0.04491303204992821 -0.007626870006974303 -0.06852059553230588 0.06531599722809311 -0.014165342542323638 0.05836782734261244 -0.019760065097619663 0.061063644985507676 0.019081707755671088
0.034383271317453265 -0.006766033656476006 -0.02066871553799092 -0.053127344701342276 0.05296506193498199 0.058260001561616544 0.03529933863683566 -0.059720739755331785 0.015318960003039062 -0.05125305761198821
-0.001473295131039789 0.02780348744882819 0.09339830124153443 -0.049841052421029104 0.06974872544625414 0.013952015391179262 -0.008721730768624264 -0.0011497111481724406 -0.015207192456299638 -0.028681430726112678
-0.06695969420291391 0.047254955445096364 0.06679435364521931 -0.04400085138844112 -0.021481701096339175 -0.013298547357550386 -0.023146432792536913 -0.04617275277608854 0.03981824059770863 -0.008364308774337524
-0.07154623522321596 0.05725465504027708 0.010858969605885062 -0.017554522297338313 0.06765808782573561 -0.046861185453476756 0.0163705493250677 -0.010318073717891776 -0.044523755638380624 0.02792418985671995
-0.053918605516454984 -0.01948242565860956 0.03626712713852164 0.029234985426465337 0.06368876928946121 -0.018581057876149925 -0.05270958060504576 -0.04986361855134161 0.009507888282596138 0.04736108930961699
-0.07883169432288499 0.04109973092775105 -0.016594046757838526 0.053691586329753606 0.0037098562618325605 -0.03857830924131796 -0.02436062388322643 -0.001875488227125576 -0.010704219941177612 -0.06674343742962277
-0.027518411395080093 -0.007580679223335377 -0.06852757775098212 0.012836943553639329 0.0712657960801207 0.030678427865597924 -0.03555061024643111 -0.037533343910353185 -0.05447004686314123 -0.02886231392468762
-0.0049320264424411505 0.027391466684046274 0.015119953156643735 -0.08158565741155774 0.013936101217292492 0.05504899322254671 -0.01241646503501054 0.058717247093315654 0.05090476052104585 0.04129351884918098
0.0756105743936135 0.005126936287710398 0.04318093345650535 -0.015617853176580678 0.02899845110013672 0.0634746633775622 0.058371389596558555 0.041061405064484004 0.03500376939751573 0.004059603942237636
-0.02356062148907335 -0.007267698329617212 0.04634606984987351 -0.01914001258645144 -0.0949302186715951 -0.009910618446786099 0.03815369244045355 0.06212894631715196 0.03186527118562105 0.017547245760596495
0.017252627848358314 -0.01890981763513153 -0.017890112332090525 0.03207681174425 -0.023754206037254456 0.006455241435617594 0.0148666106488553 0.12018832072860698 0.020583735468165543 -0.02052234673021781
0.003175197074882577 0.04504981894015123 -0.0013710961354259773 -0.0333499622525668 0.0548521655940402 -0.04673980381888128 -0.06429053313470288 0.04455609977811294 0.06141377873074163 0.027829058117851174
0.0025452476097470003 0.003157458638109377 0.07283201456611384 0.02252794736205476 0.028651188422530657 -0.09337180312909718 -0.0481166383437499 -0.0024213339359380973 -0.0003240743669865005 -0.012479412139589367
0.0032577821255771215 -0.07896851975867682 -0.011464833624108042 0.061831834688850784 0.03580723207272682 -0.00952874361429935 -0.059776825871834235 0.017064490622339053 -0.0062089534227561145 -0.04107065484489881
0.05612810207180774 -0.04052285681818212 0.055926116255365615 0.010154277062304061 0.01717364852451121 -0.01507883615070495 -0.0432240753481003 0.060488175424250744 0.05705148734563232 0.027518475582180055
0.03675986387857543 0.06658867662299374 0.004961039057326754 -0.047079679660081884 -0.0686636092596281 -0.02682422068999344 0.04666248175160374 -0.035740978408511356 0.012738828724082165 -0.04252880265342723
0.008939214948700508 0.019023195023984866 0.006352450361170751 -0.013669945187089604 -0.013607567635755153 -0.06108236413056987 0.0062826017315703135 0.0316306566312651 0.09024962006687857 -0.06521983055906716
-0.0457715443054225 -0.025148801166531964 0.01700073016348418 -0.0025221508148311 -0.07300877136925203 -0.06087828978139917 0.05158994808465939 -0.057843842853382406 0.006453781688730602 0.0002133832390900974
-0.06211817083801641 -0.01613215749570538 -0.04467073980327441 -0.06503769634901081 -0.025983686054593436 0.011406345478816571 0.05348652578732036 -0.03697667106294861 0.00386796166402867 -0.054785615594862405
0.02138837818765249 0.006920752606538989 -0.06447036041376931 -0.06139190047349915 -0.03510403958748222 -0.06710365578550267 0.026659529680237656 -0.009369203149310097 -0.02260063776408124 0.060093187880751825
0.009837235633067456 -0.04209457908775882 -0.0027044906556470166 -0.08674350315570836 -0.009591645845656499 -0.025313274857894474 0.07455664407522927 0.04489427326224304 0.011907706584674688 0.002655601559690626
0.05133757760716908 0.05348105792795414 0.06301291652461743 -0.0660717910010374 -0.004632001462907912 -0.06213864448368742 0.016475118142624746 0.013577460592084053 0.007156927862006637 0.026486537901466493
0.03985736007824971 0.042231966819694745 -0.02421685632610977 0.02898157230384193 0.006752021308422515 -0.0885544427669534 -0.012394833112144338 0.04975331898076234 -0.0443381315229983 0.02513358445347829
0.03951639200749758 0.1130038372308593 0.011086180897871287 0.017847409656856827 0.013878137945845621 0.02744307342376818 0.021062024528540814 -0.006182971716110616 0.02905640116953794 -0.029826567337804852
-0.023568055508078202 0.04418927097600866 0.05726668245935082 0.06567995090083248 0.027283375146551544 0.0017367955434403949 0.02301585717514613 0.004405386183964594 0.07919727724653824 0.01618753534664949
0.023731258374005474 -0.01849773011323015 -0.05284851291695804 0.04555353768876025 0.028651228690927004 0.0436964318248222 0.006677451226817908 0.03712143373193035 0.09083076796399857 -0.0063345148572021255
0.10050922295068711 0.02809211638340506 -0.05180918687760922 -0.0013248210037541937 0.005493672094944262 -0.031699286594413775 0.025820474244103882 0.016850473904304043 0.04865925339347273 0.02015573726770564
0.0135347252875745 0.03017927593289363 0.0887532035700135 0.01814320584381217 -0.01201592737232105 0.051837432553099666 -0.03788744956108659 -0.0038779331508099753 -0.01508727103361034 0.06754953890557763
-0.016478571293962838 -0.022926323207563878 0.02152622148587201 0.08846370785909413 -0.0259424580752134 -0.016261060381447784 -0.03804036872134506 0.047691267437653034 -0.01877909966614901 0.05161203442174435
0.01333292930125169 0.003151067605801665 -0.01160676395223431 -0.04159807148687606 -0.005988733279434226 -0.007933751126477142 -0.005154571969280445 -0.12375603917147454 -0.014627617196561296 0.025253936823303715
-0.010756758833573927 -0.007454471737787971 0.03883338336996165 -0.00827925923562355 0.0450379985036053 -0.018825697536042078 0.07995618473331312 -0.06506630397103876 -0.020822770504141934 0.03967035175112087
0.039698077186960834 -0.01704894017604159 0.08580692973703706 -0.02619450687069475 -0.03265311229347242 0.031512965813483236 0.05794161823895368 -0.030618405208818606 -0.04217583471283555 -0.01869145285448334
-0.010374220795461837 -0.05371201329617677 0.09713763864670145 0.056079730282918946 0.008181592686519683 -0.006886803293008661 0.04344118411943592 0.01724083230795913 -0.013187947666635511 0.007919739773070896
0.021096989256719892 0.040332852103030316 0.09186677726975774 0.03336360650738212 -0.006191496073066064 0.022624933974596643 -0.009398023975062366 0.052309765799484216 0.006377771793673166 -0.06212957814106653
-0.015076537450486425 -0.06003403198815677 0.043164369844275026 -0.03555163493706835 0.006684509616097436 0.01017432868163202 -0.008766341798067002 0.04274631484304904 0.0005135994657541252 -0.09100521258429269
-0.06688410044089052 0.027825229041930136 0.023032768898729225 0.05182383351132241 -0.07195050552020761 0.05066605682375407 0.02854039004187047 0.004262719592029309 -0.015423266480792364 -0.024240226523058402
0.020830513717712384 0.014627018746387648 -0.0297650158155682 0.010723200680423008 -0.015592090934053005 0.05214260595101666 0.050973282369287574 0.029562791323199163 -0.02200405556663484 -0.09557535976947637
-0.05783338997128041 0.03606377941201075 0.040894161263455395 -0.014792789272152591 0.013826372405787489 -0.012782900564655518 0.09609243786451212 0.020506657337408328 0.009952660926242219 -0.04999516688110677
0.0022689474036955296 0.04912765717995508 0.013781580718638423 0.011082829368463918 0.014225637224395155 0.016590224300686116 0.07095707804187878 0.06504737791411655 -0.009913881151848724 0.06825655866631679
-0.09073665109500052 -0.030491449238800372 0.008688255920874416 -0.012148559482535513 0.06705469328015363 0.018821503260669656 0.010620366480796936 0.012502338255230715 0.05772167749041078 -0.026541636593283145
-0.06008467876469086 -0.02285766150882023 0.06812238533856338 -0.02980355507538889 0.026394905478968684 -0.04580181408846775 0.013403911083454208 0.06816937330242351 0.026750464002635522 0.02326673461355105
0.010776932761699212 -0.004325584829186135 0.03161088834903734 0.07195389910320124 0.052034696543282716 0.07821059010123757 0.005483055963515992 -0.03875396151006829 -0.005171740459167173 -0.03704322230413074
-0.0640808470939762 -0.02622789734506377 -0.02332000263037418 0.09128633179555631 0.026767221748432497 0.012179576465016669 0.056496065850191075 -0.0012548148843947971 0.0017163832823764845 -0.005188892398671959
0.013933109840367811 -0.001037071161081404 0.017499439657386658 0.09323811982155099 -0.05288037024590436 -0.034619705543935717 0.03692512898553638 0.01602243182075089 0.0019127963006294458 -0.06508949809230291
-0.004057316077699958 0.06902380633643034 0.03604219390891803 0.056643459130587374 -0.03126941194310545 -0.035461838722898105 0.03404308349708454 -0.04792237240945205 -0.005231086975291539 0.048450774601792035
-0.026500826123170444 -0.05021789602476338 -0.012035393810719351 -0.01029534936119467 0.08313941474617338 -0.06390817073000997 0.023240414688452907 0.02401905865256807 -0.04918431779100949 -0.029161186401445768
0.055539229775931995 0.004844054796383422 0.025199032153299508 0.013296693098619703 0.01607639596226791 -0.0708305114352234 0.08768270640014734 0.0040244288830100046 -0.019374953856230517 -0.03003365371062721
-0.06414047205392975 0.011882367074704579 0.0165745862041994 0.033575641729087974 -0.002649224685412617 0.05043191570528609 -0.0778284257697183 0.03498070765066281 0.04778101639524454 -0.011459466152478478
-0.05225505322790173 -0.0812110853738437 0.020135134288048348 0.02438202793195704 -0.05151818227688109 -0.011251463135593559 -0.021618688207791763 0.006247022108902503 0.06034435926734612 -0.024049349679611996
-0.04472483127461359 -0.008022573498672834 -0.00593008647528921 0.05968358020280788 -0.03782164867402104 0.04114453778146037 -0.05906414376897805 -0.06681048872524249 -0.004121250733071239 0.03921195830716619
-0.060807678995867046 0.05917354006931195 0.002296473298407928 -0.004368454984940417 0.031746731015518365 0.08116362002042128 0.024122867150200632 -0.035369094128250636 0.002741525661837814 0.012024648064792486
-0.047786724120899814 0.096361220027553 0.032167472025905926 0.0007614033993822306 -0.017693379718010962 -0.016466647424273145 -0.034037997227376354 0.06414351188873228 -0.017664079721147082 0.013587592093979186
-0.043623544258865464 -0.024260482456189728 -0.041195199642111144 -0.0428765065067418 -0.01939142143981761 -0.044499179803257745 -0.06271980903117515 0.07069673984243592 0.015916762683875766 -0.013441934776569065
0.0495745722689938 0.04498829294989191 0.0019615978882312553 -0.013235463820875454 -0.07521745989630807 0.00422357261144988 -0.06403082347151041 0.04257657766000608 0.03353317246561699 -0.031041834424075942
0.08476404753449243 0.03319221632771634 0.023129848791985635 0.01250746410207638 -0.02193405439394925 -0.011871838853243877 -0.052080869113013864 -0.042532332088508325 -0.05867042554890224 0.014240072762464032
0.056946686004157934 -0.03952043555717722 -0.055869246287936714 -0.0063700065033312925 0.014413895909112934 -0.044101040900944556 -0.06472030910723874 -0.047274293340296515 0.014739841169376888 0.024469613871443977
-0.0017291865470284084 -0.019974459919442727 -0.014642967328856792 0.06641046411289402 0.0025716027054858933 -0.059822359333945994 -0.005809277409622338 -0.06093977929409115 -0.07357889362125285 0.013747032679979506
-0.029724716536984525 0.002140437192295327 0.06025440400417822 -0.029542488853344834 -0.03926183814822709 -0.045840343890939224 0.0013420702461531071 -0.0054950215048280415 -0.07332155283208354 0.06584894327796255
-0.02246904526743358 0.030112307507811197 -0.0062999968714621555 0.013266049814941765 -0.06907839733367396 -0.07928034895901065 -0.05432789180103229 -0.010137826200385116 0.035494682970746476 0.031213434151490214
0.002890981799334 0.04066395089911023 -0.012967009118335532 0.032664040980778616 -0.06030293751988448 0.053138496988435056 -0.008573837764660064 0.023049642206032457 0.07130973036827198 0.05403982732769797
-0.04583782523279007 0.06042010419300193 -0.06520205218190202 -0.018695201243908593 -0.03180569625931206 -0.009578871581952867 0.0359901630197353 0.030884363878786143 0.06350267797658067 -0.00411896852583277
-0.027033929140166776 0.02938191796000067 -0.04204370711225405 0.035227362343976575 0.041732457049506705 -0.02715883637606014 0.01504944823772697 -0.07427997863527899 0.0657713049712784 -0.013450318188419706
-0.03203222351826412 -0.025517716282943935 -0.046172022157647666 -0.03407627858741136 0.002563824844572401 0.006617081206935704 -0.04732849559396866 -0.024676176560042583 0.08900634956403289 0.032167893114694174
-0.05423186617661968 -0.013083255061488512 0.00032282577143716437 -0.11102809163401979 0.04452470509681779 0.002663521081125862 -0.0271851572626569 -0.015324194839306722 -0.02832901930504069 0.018422933817875863
-0.06820763347799436 -0.07411554104347239 -0.03774907841887751 -0.01960345155202138 -0.002852568122721439 -0.055871613698884895 -0.02962483460622849 -0.04212711244744453 -0.01838184412989978 0.017265223264153525
0.02425086821399441 -0.059055609202857504 -0.050852309885055486 -0.06494581931930724 0.06498991708182247 0.019172004379202755 -0.024081720452418052 0.04807479971066156 0.015587248225356658 -0.013331289258714489
0.030565584635925902 -0.08583178382988273 0.004104593294340994 0.019657529911025134 0.042025313429070205 0.0005277828844461171 0.05645118512691844 -0.009852146374621 0.04603125153146811 -0.035624507873928096
0.03384778052096489 -0.0399020474667168 -0.008532754736458174 -0.023158995064902474 0.07899420363235136 -0.03028852844335842 0.014926797116088814 0.032598536049382676 0.00205391121655283 0.08815158102184237
0.05218623911228531 -0.0074834186509250234 -0.01517146287088914 0.0748647950746076 0.025784440105600433 0.02226157483384892 0.012862592182459465 -0.033563255444221084 0.005699072052175902 0.07969471379321486
0.10500019388292187 -0.014772871651894906 0.00405491169730028 -0.007062959780267138 0.02109873930509592 0.003383421121803287 -0.02679714818668983 0.015469486769813292 -0.010270825626751199 -0.07236681058613272
0.06574024350194733 0.02598218306469568 0.013379323448185943 0.02191014341595161 0.09689228629751721 -0.027605782208519312 -0.0014930533191604293 -0.03728195636260502 -0.016633253893304712 0.008914463079879989
-0.08172071018410194 -0.028322748170693746 0.0435440133273988 0.004591534288640632 0.0007267318931564188 0.026138106599550646 -0.036648277482021485 0.04896986519637425 -0.06960831968679373 -0.0014813253892919417
-0.010977058896295055 -0.02349075717266057 0.07790138686467421 0.02241928713591893 -0.05404486997439965 -0.012900996084397464 -0.07170930034446697 -0.027204528431388587 -0.029640396962332265 -0.03489726586699696
-0.012823563610593638 -0.02625678622871634 -0.02116272052468549 -0.012835399386699378 0.02781270378339712 -0.02002756997824585 -0.07603430520071008 0.01958567466506365 -0.08177625041868908 0.06491860983358129
0.040973647059763744 -0.011082603819188226 0.04746714701347136 -0.04622218114273468 0.0022839572508091145 0.0011961738529252055 -0.02754070194410775 0.0861915901808321 -0.05944922566507436 0.008895416636350737
0.04501360779828232 0.03248218442866716 -0.00036150908427186866 -0.06391087446888469 0.05825091205541068 0.043250421337697624 -0.003150489141700942 -0.017564102268909622 -0.05656537479973703 0.05491033647499191
0.0004096891364868379 0.08585322060473714 -0.018753753839942783 -0.01963208734372739 0.017174362136407353 0.0017817985721260694 -0.05047508770677039 -0.04181592329882473 0.010039097031313173 0.07541078993038716
-0.01134488965947852 -0.00917262065796092 -0.032508842991163474 0.00819895704521431 -0.03354147594893688 0.04610074132736294 0.018359568758615014 -0.021083407165768463 -0.09693549663128563 0.06451423875799174
-0.057773360704941955 0.04332944832001143 -0.05319924148727389 -0.040449292297367746 -0.06414000020523858 0.01025361325431287 -0.029608854840917936 -0.021535280557927975 -0.04177807073944211 0.015356165152245124
0.010020031142359638 -0.04017981725314171 -0.0019088838649694883 -0.026704715189886256 0.0006476905633408719 0.08763646390271684 -0.07411783141202032 -0.037792085696450636 -0.028779681952187545 -0.01154117627093755
0.007830349104764366 0.029244013763507146 0.005928657186673182 -0.005742020360468898 0.056571361548233536 0.004737888524534466 -0.10754717876947766 0.009558097857023998 -0.02901032448942796 -0.038329186051961166
-0.016784449641719254 -0.05611835188677599 0.030243519416709923 -0.006411874064175442 0.00698916262434121 0.07602961907389952 0.019488739653957022 -0.05037096290349637 0.045989057921077624 0.05357821482277716
0.038369489862066536 -0.09145921940424263 0.049912729120224424 -0.02084869522128905 0.04051419541420554 0.00852596943937205 -0.030302087628217622 -0.036989683375831105 -0.029085738874580304 0.029121425635318467
-0.01776164663147256 0.06617277073765533 0.033613520673639256 -0.002175700998831642 -0.004765643665197077 0.025084296728537667 -0.01608998886152832 -0.05410498454663547 -0.08124925172316991 -0.03906005997237699
0.007126712955196453 0.02098211712398135 0.03866737505989087 0.05774773353320523 0.043859779294884764 0.00532904529244459 0.02359420926445302 0.025723944449409814 -0.09608094818936096 -0.0145343007953301
0.03159125179980772 0.05635180979920295 -0.02399575756893523 0.03752414744982131 0.0010831785381610036 0.07335355698527908 -0.034943422719829934 0.04458971142989817 -0.04905978357152176 -0.003237600793265416
0.0299117936571141 0.03900064219498357 -0.03222906955636098 0.09761794402598732 0.005851636922162564 -0.015102730178699071 -0.0533422622160387 -0.0020626785760552964 0.022895820187489747 -0.02035219415724583
0.05981993493208113 -0.08060720312886864 0.010732269919654772 -0.011226575183462288 -0.05408780266173591 -0.06475740761531419 -0.0002318343924357108 0.004923103297574624 -0.021262206164008035 0.006831858465504731
-0.008370711485116988 -0.03676309096203793 0.048490045786587575 -0.08140494571290524 -0.058565514249452146 0.021973538542468255 -0.04085674631917816 -0.007651254863886382 6.26266509367088e-05 0.042038490978363374
0.05606893097874434 0.02664254639886431 0.03197492293686044 -0.011876044236867072 0.03334610451149777 0.04084418021169585 -0.057867362339326885 -0.04381088879194445 0.06960672657349876 -0.0024758054469175544
0.06417801977424477 -0.014261598767672802 0.036415063410375155 0.03535565095413143 -0.04455497888639076 -0.01768068640733021 -0.0008473241928328434 -0.058955361682585514 0.06776583582781694 -0.0027062472749068566
0.0056953410489051165 -0.04827004698181741 0.03792566953547984 -0.07281102848955077 0.03322274687683302 -0.05372960223538075 -0.008723557284002835 -0.03941037822697144 0.05397981299127076 -0.021002373421094202
0.004363103611707597 -0.006982313549595887 0.03656903861518839 0.01734643598683386 0.023691823461217898 -0.0315432855922093 0.001136208772213664 -0.075070871373902 0.006584674825434287 -0.09435329662419159
0.03897473300842446 -0.05088288646874085 -0.025418866213047977 0.035207437414331993 -0.04861048565055191 0.03410145767831918 0.03245308514339138 -0.07326574288040856 -0.034201115660835564 -0.030812521381426622
-0.01458831821654629 0.010960028280567132 -0.03778932280922879 0.017876166269049972 -0.05042912109424561 0.03509610956550971 -0.04483123177871467 -0.05681359446093335 0.03442530818057503 -0.07473391399583357
0.048866053892195505 -0.05338453570732977 0.03249261589263328 0.042322221994935835 -0.05002769317407296 0.08156845093599073 -0.02149044684420027 0.029909061609058547 -0.005208741392409151 -0.0004138173243816002
0.07954603244711875 -0.0393280688671569 -0.0507551412556589 0.02671791457462308 0.017945579719605517 0.026668085664946842 0.04500346738182944 0.02677282466388652 -0.04951097244436618 0.021409791616893745
0.0614270083923683 0.021487954401619592 0.0082694557125868 0.023002869490575225 -0.08989716457397667 -0.007288496450281284 0.03141482543475957 0.03825871637757274 -0.04228017172803492 0.028143516549469755
-0.0068190962991788685 -0.021449513473027378 -0.08690843788411304 0.05863015791788391 -0.07272227166621319 -0.009349246018757229 0.0010357860818056162 -0.019524111765069966 0.008592531653210176 0.02586408164575055
-0.0112970879176706 -0.011517759684493978 0.02124115257071526 0.025920125680187436 0.08382240293945427 0.06317934707021418 -0.032139742028409905 0.05497292399548795 0.004197402453292415 0.03963986170912338
-0.05164390761894233 -0.042364166479765236 -0.06132970526258905 -0.004196604466724518 -0.012403899403750772 0.08422182466076533 -0.00045280160894280673 0.04350728020450109 7.646027903036297e-05 -0.016021003609785856
-0.06600424450668935 -0.009839749119795774 -0.03991604882208213 0.014255916496626176 -0.024300794871051835 -0.04562268224622554 0.0505218631070673 0.06273849769825518 -0.0485527188968482 -0.0011464091824481889
-0.03345845565533384 0.03460113995967182 -0.08566407021451453 0.033594965109799035 0.04125141360395363 0.00031100582669304236 -0.01298904590558541 0.035355006101009584 -0.010366700446002894 0.05779467413664658
-0.017015243050528345 0.03888711070702247 0.021263216819753412 -0.0677996964961912 -0.050148426772076954 0.07150111671519772 0.027599513730784214 0.04293884112026175 -0.034126044932692515 -0.020441249939924685
0.05388312764948276 0.03343244547251897 -0.019180104348615806 -0.03353767856013712 -0.04969609874618673 0.07035336626021534 0.029839040980391314 -0.04482640158226927 -0.005975211397845471 0.041460993539980284
-0.011046704182480603 -0.006894064345780417 0.056597629062302715 -0.02349883025198934 -0.03317422424080724 0.06542348491399023 0.029637472958076953 -0.011401743223904385 0.07425132396736045 -0.049325219746654735
0.007822171376643348 -0.005930714247847922 -0.020102029484202002 0.022881286958739148 -0.03661784630142282 0.029602301935730362 0.10734963076078334 -0.006168176657377545 0.048649994233722 0.010803527536238611
-0.07892976813218275 -0.010573965168485884 -0.0057490425210705645 -0.015506446265694222 -0.01567961609372868 0.01646574565838478 0.020787847239741915 0.015129951838636425 0.011292528563858114 0.10340524956608206
-0.015444847622526852 -0.10100964734286812 -0.004662523510334119 0.010877890047152708 -0.020270582791093558 0.019195753690832238 0.03979824941064951 0.03240639384496832 -0.02621479553728328 0.05199190815142287
0.02501871636724615 -0.015391076488168015 0.02973985782168405 -0.02609243699198666 -0.027207548537950033 -0.03478066306610225 0.022508023214721114 -0.022290928654720862 0.05829449215903613 0.09645822319949658
-0.02183838872276112 -0.02816700194359876 -0.02782926049464997 0.041180823903380716 0.02017046164732286 -0.08666864518106092 0.025034434597675854 0.024418541486485236 0.053377825692502955 0.038959578210639494
-0.03888981479104643 0.057546444407356095 -0.014500164160152793 -0.0607294223941004 0.03629302542481235 0.02813201443209719 -0.02847189671416517 0.020732992079789344 0.024292898105306 -0.08483045068885255
0.03236423718260237 0.0049114111270205036 -0.012233791904927986 -0.08981997160818744 -0.031500785330307327 -0.011965492248090554 -0.06616387462040643 -0.025365600854463436 -0.02063605350443318 -0.049333882166196934
-0.004727883810355383 0.037743391236079456 -0.021698217843115118 0.03273811389307964 0.08983007954490056 -0.01105270700066015 0.019789844639647305 0.062447513569114335 0.014836363380990173 -0.044865521980847145
0.0273779382536508 0.05413190780836752 -0.05523755877650561 -0.06429967041722132 0.018518807133412613 -0.017778993064712863 0.02476982908119805 0.06855589312088713 -0.03133348869100205 -0.02249906621333279
0.040740762518553415 -0.02780163674546176 -0.046270142834504153 -0.011130659492027076 -0.03480262026804266 0.02186936559752498 -0.0689915908859071 0.043694939361593285 0.0066380437395024295 0.07217751067500652
0.046203631398057166 -0.05490553480756718 -0.03883088586626106 -0.059809159880755844 -0.06422708502664337 0.027144442617829497 0.011404496649929005 0.005378575612935234 0.04537108353363634 -0.01447750961286427
0.005461609734565317 -0.0331941691993335 -0.04373163153595147 0.013917862429973626 -0.06325829076517696 0.0010071105011244716 -0.04511954184294653 0.028060313199938174 -0.07478613714940036 -0.04238043070720976
0.019505521067166073 -0.04291304413495277 -0.09212839547008445 0.0061946288562098216 0.0004029201538530692 -0.0450551417281051 0.020944068336265928 0.0033262540248918658 0.009044362582380396 -0.0631276534490951
-0.07379573710367889 -0.0575586492040164 0.02978592007267329 -0.002694156145910291 0.002345696352610008 0.016660230331249682 0.024801867262051008 -0.05276738640985697 -0.06151426875237801 -0.042630840391685756
-0.022431599613721317 -0.03269890690378733 0.006878961171585869 -0.028808098657628026 0.054354955090115 0.06868679548070936 0.06261756082778384 0.03714216390630154 -0.056653023697614664 -0.008591793562553558
0.026246019681072742 -0.026597008590167264 -0.015362328515362808 -0.06805517682258833 0.0015705014100105775 -0.019688236110125722 0.027584644886988273 -0.025956360783668742 -0.0983789433631337 -0.03266072489693977
-0.02105670080196941 0.01327950357253071 0.035084115493965166 -0.02795402864428334 -0.04234601432081623 -0.07644986337939234 0.004116814770889765 0.027925652215435918 -0.04770090625444618 -0.06845526822629072
-0.0179580494390816 -0.03902918468688626 -0.08755586998153748 -0.02839375701030675 0.039437682543746265 0.01693473291382279 0.05640952453051878 -0.036346454465181845 0.0022741091864303476 0.049234667060129744
0.03504248555183035 0.03181625361686192 -0.10708515051171552 -0.01829927762993631 0.006866388886664416 0.05799487229412909 -0.024286381181910566 -0.009324866335219758 0.010174539829467264 -0.008128559920077019
0.005366501936674052 0.06255874138694176 -0.0637947403182304 0.02551369541618555 0.00685315236034638 -0.007424377094568626 0.07329107410657831 -0.039271072217856626 -0.048128936007529 -0.01029600826411078
-1.2015972607052631e-05 0.05542393064501874 -0.04747160158826033 -0.03356547806162824 0.02571198438781657 -0.07594061253819238 -0.025426056695206235 -0.043730740403343925 -0.01177097752769862 -0.0394927070990333
